name: master
channels:
  - conda-forge
  - defaults
dependencies:
  - _pytorch_select=0.1=cpu_0
  - blas=1.0=mkl
  - brotlipy=0.7.0=py37hcc03f2d_1001
  - ca-certificates=2021.10.8=h5b45459_0
  - certifi=2021.10.8=py37h03978a9_0
  - cffi=1.14.6=py37hd8e9650_1
  - chardet=4.0.0=py37h03978a9_1
  - charset-normalizer=2.0.0=pyhd8ed1ab_0
  - click=8.0.3=py37h03978a9_0
  - colorama=0.4.4=pyh9f0ad1d_0
  - cryptography=35.0.0=py37h20c650d_0
  - dataclasses=0.8=pyhc8e2a94_3
  - filelock=3.3.1=pyhd8ed1ab_0
  - huggingface_hub=0.0.19=pyhd8ed1ab_0
  - icc_rt=2019.0.0=h0cc432a_1
  - idna=3.1=pyhd3deb0d_0
  - importlib-metadata=4.8.1=py37h03978a9_0
  - importlib_metadata=4.8.1=hd8ed1ab_0
  - intel-openmp=2019.4=245
  - joblib=1.1.0=pyhd8ed1ab_0
  - libmklml=2019.0.5=haa95532_0
  - mkl=2019.4=245
  - mkl-service=2.3.0=py37h196d8e1_0
  - mkl_fft=1.3.0=py37h46781fe_0
  - mkl_random=1.0.4=py37h343c172_0
  - ninja=1.10.2=h2d74725_1
  - numpy=1.17.0=py37h19fb1c0_0
  - numpy-base=1.17.0=py37hc3f5095_0
  - openssl=1.1.1l=h8ffe710_0
  - packaging=21.0=pyhd8ed1ab_0
  - pip=21.3=pyhd8ed1ab_0
  - pycparser=2.20=pyh9f0ad1d_2
  - pyopenssl=21.0.0=pyhd8ed1ab_0
  - pyparsing=2.4.7=pyh9f0ad1d_0
  - pysocks=1.7.1=py37h03978a9_3
  - python=3.7.10=h7840368_104_cpython
  - python_abi=3.7=2_cp37m
  - pytorch=1.6.0=cpu_py37h538a6d7_0
  - pyyaml=5.4.1=py37hcc03f2d_1
  - regex=2021.10.8=py37hcc03f2d_0
  - requests=2.26.0=pyhd8ed1ab_0
  - sacremoses=0.0.43=pyh9f0ad1d_0
  - setuptools=58.2.0=py37h03978a9_0
  - six=1.16.0=pyh6c4a22f_0
  - sqlite=3.36.0=h8ffe710_2
  - tokenizers=0.10.3=py37h537c2b9_1
  - tqdm=4.62.3=pyhd8ed1ab_0
  - transformers=4.11.3=pyhd8ed1ab_0
  - typing-extensions=3.10.0.2=hd8ed1ab_0
  - typing_extensions=3.10.0.2=pyha770c72_0
  - ucrt=10.0.20348.0=h57928b3_0
  - urllib3=1.26.7=pyhd8ed1ab_0
  - vc=14.2=hb210afc_5
  - vs2015_runtime=14.29.30037=h902a5da_5
  - wheel=0.37.0=pyhd8ed1ab_1
  - win_inet_pton=1.1.0=py37h03978a9_2
  - yaml=0.2.5=he774522_0
  - zipp=3.6.0=pyhd8ed1ab_0
prefix: C:\Users\marek\miniconda3\envs\master
