acc = 0.8529411764705882
acc_and_f1 = 0.8757949125596185
f1 = 0.8986486486486487
